0.0010004043579101562 1
0.002998828887939453 11
0.006997108459472656 21
0.012995719909667969 31
0.012996196746826172 41
0.01899266242980957 51
0.020993471145629883 61
0.027989625930786133 71
0.025991439819335938 81
0.032988786697387695 91
0.03498721122741699 101
0.04098629951477051 111
0.04798269271850586 121
0.05298280715942383 131
0.15494871139526367 141
0.25870585441589355 151
0.09247779846191406 161
0.15295100212097168 171
0.07996940612792969 181
0.06797575950622559 191
0.09747672080993652 201
0.0728306770324707 211
0.07497453689575195 221
0.07898306846618652 231
0.10896944999694824 241
0.08797264099121094 251
0.08697319030761719 261
0.09097027778625488 271
0.10496306419372559 281
0.10096883773803711 291
0.10996460914611816 301
0.10695576667785645 311
0.11585378646850586 321
0.11996245384216309 331
0.11995792388916016 341
0.11596250534057617 351
0.12198638916015625 361
0.1299581527709961 371
0.13095903396606445 381
0.1279587745666504 391
0.1376023292541504 401
0.13495850563049316 411
0.1459503173828125 421
0.1549513339996338 431
0.15894794464111328 441
0.1609477996826172 451
0.1669456958770752 461
0.1619434356689453 471
0.16594576835632324 481
0.1689460277557373 491
0.1729423999786377 501
0.1744844913482666 511
0.18494105339050293 521
0.19493651390075684 531
0.20493102073669434 541
0.199934720993042 551
0.2099294662475586 561
0.21992731094360352 571
0.22266840934753418 581
0.22792649269104004 591
0.23891520500183105 601
0.24135136604309082 611
0.26996898651123047 621
0.2729973793029785 631
0.2668490409851074 641
0.2829020023345947 651
0.27690792083740234 661
0.3041691780090332 671
0.30487966537475586 681
0.31067347526550293 691
0.33159732818603516 701
0.33521127700805664 711
0.34488368034362793 721
0.3418264389038086 731
0.33989572525024414 741
0.350907564163208 751
0.3652610778808594 761
0.36287403106689453 771
0.3728635311126709 781
0.4239637851715088 791
0.3646206855773926 801
0.38997721672058105 811
0.38270115852355957 821
0.40625715255737305 831
0.4230325222015381 841
0.40902256965637207 851
0.412813663482666 861
0.44303464889526367 871
0.413865327835083 881
0.43385767936706543 891
0.46568799018859863 901
0.4699990749359131 911
0.46097564697265625 921
0.5100717544555664 931
0.4729917049407959 941
0.4849717617034912 951
0.5250096321105957 961
0.5466690063476562 971
0.5270023345947266 981
0.5326704978942871 991
0.543006420135498 1001
0.5644080638885498 1011
0.5993058681488037 1021
0.7257628440856934 1031
0.6007983684539795 1041
0.5697593688964844 1051
0.6387720108032227 1061
0.662757396697998 1071
0.619239330291748 1081
0.6037149429321289 1091
0.62919020652771 1101
0.6472549438476562 1111
0.6711063385009766 1121
0.6679327487945557 1131
0.705761194229126 1141
0.6987559795379639 1151
0.7096998691558838 1161
0.6979248523712158 1171
0.7074596881866455 1181
0.7330868244171143 1191
0.7543134689331055 1201
0.7401211261749268 1211
0.768155574798584 1221
0.824845552444458 1231
0.7887392044067383 1241
0.7814924716949463 1251
0.8123137950897217 1261
0.811011791229248 1271
0.8297498226165771 1281
0.8568511009216309 1291
0.8566718101501465 1301
0.8544692993164062 1311
0.8758046627044678 1321
0.897291898727417 1331
0.9160342216491699 1341
0.9258854389190674 1351
1.2235941886901855 1361
1.0356647968292236 1371
1.0780870914459229 1381
1.0111217498779297 1391
1.027693748474121 1401
1.0906436443328857 1411
1.0932774543762207 1421
1.1371550559997559 1431
1.075082540512085 1441
1.0696475505828857 1451
1.1820034980773926 1461
1.2481493949890137 1471
1.2152600288391113 1481
1.1268243789672852 1491
1.1930508613586426 1501
1.1578783988952637 1511
1.2876412868499756 1521
1.2444467544555664 1531
1.2409355640411377 1541
1.1961464881896973 1551
1.4113872051239014 1561
1.2949113845825195 1571
1.4039247035980225 1581
1.4050731658935547 1591
1.363696813583374 1601
1.424677848815918 1611
1.454472303390503 1621
1.381016731262207 1631
1.5784885883331299 1641
1.4863488674163818 1651
1.5691847801208496 1661
1.6340560913085938 1671
1.416661262512207 1681
1.5234999656677246 1691
1.4663286209106445 1701
1.6589322090148926 1711
1.6422550678253174 1721
1.5749320983886719 1731
1.5821139812469482 1741
1.545605182647705 1751
1.5312187671661377 1761
1.5683910846710205 1771
1.6016643047332764 1781
1.6301817893981934 1791
1.6468136310577393 1801
1.6423985958099365 1811
1.630185604095459 1821
1.649566411972046 1831
1.6880278587341309 1841
1.7294578552246094 1851
1.7229604721069336 1861
1.7375023365020752 1871
1.786449909210205 1881
1.8213930130004883 1891
1.8562209606170654 1901
1.8439276218414307 1911
1.8558244705200195 1921
1.9148073196411133 1931
1.9411718845367432 1941
1.92036771774292 1951
1.920790195465088 1961
1.9545469284057617 1971
1.9560256004333496 1981
1.99088716506958 1991
2.0645294189453125 2001
2.0342562198638916 2011
2.075176954269409 2021
2.0840203762054443 2031
2.1490488052368164 2041
2.1515817642211914 2051
2.209198474884033 2061
2.1976613998413086 2071
2.210869789123535 2081
2.168959617614746 2091
2.487542152404785 2101
2.5728490352630615 2111
2.3408989906311035 2121
2.701173782348633 2131
2.3380300998687744 2141
2.574495315551758 2151
2.6501121520996094 2161
2.673093557357788 2171
2.69649600982666 2181
2.589373826980591 2191
2.606027603149414 2201
2.575127601623535 2211
2.7102091312408447 2221
2.862330436706543 2231
3.08406925201416 2241
3.0184969902038574 2251
3.597012519836426 2261
2.724818229675293 2271
3.202967405319214 2281
3.3064334392547607 2291
3.2398059368133545 2301
3.137664794921875 2311
3.275448799133301 2321
2.8545546531677246 2331
2.903455972671509 2341
2.9431374073028564 2351
2.9243249893188477 2361
2.982579469680786 2371
2.9756548404693604 2381
3.0948264598846436 2391
3.163325548171997 2401
3.3180203437805176 2411
3.200336456298828 2421
3.214416265487671 2431
3.171844959259033 2441
3.2545692920684814 2451
3.31219220161438 2461
3.249053955078125 2471
3.3632652759552 2481
3.3941941261291504 2491
3.471334218978882 2501
3.8193275928497314 2511
3.932762861251831 2521
3.5187840461730957 2531
3.511849880218506 2541
3.4714701175689697 2551
3.485424757003784 2561
3.5589065551757812 2571
3.5997045040130615 2581
3.5975184440612793 2591
3.675769329071045 2601
3.8351809978485107 2611
3.649552822113037 2621
3.8035292625427246 2631
3.7429862022399902 2641
3.8798153400421143 2651
4.143927812576294 2661
3.9071576595306396 2671
4.316018104553223 2681
4.076310396194458 2691
4.063701152801514 2701
4.430521011352539 2711
4.984920263290405 2721
5.0396888256073 2731
4.527005672454834 2741
4.430704355239868 2751
4.516927003860474 2761
4.375765323638916 2771
4.541789531707764 2781
4.805414915084839 2791
4.702570915222168 2801
4.428873777389526 2811
4.591881036758423 2821
4.847524404525757 2831
4.932141065597534 2841
4.75708532333374 2851
5.004304647445679 2861
4.79762864112854 2871
4.927548408508301 2881
4.956434726715088 2891
5.090796947479248 2901
5.080759048461914 2911
4.982151508331299 2921
5.428857803344727 2931
5.1084630489349365 2941
5.023904085159302 2951
5.196117401123047 2961
5.271669387817383 2971
6.015322208404541 2981
5.658417224884033 2991
5.448977947235107 3001
5.846040487289429 3011
5.842869997024536 3021
6.182126522064209 3031
6.250711917877197 3041
6.277161121368408 3051
5.818829536437988 3061
5.7291131019592285 3071
5.824893951416016 3081
5.874080419540405 3091
5.975287675857544 3101
6.938974618911743 3111
6.033559083938599 3121
5.9147326946258545 3131
6.3650124073028564 3141
6.004731178283691 3151
6.141348600387573 3161
6.247882843017578 3171
6.646236181259155 3181
6.664347887039185 3191
6.830704212188721 3201
6.828717947006226 3211
6.804227113723755 3221
6.438435077667236 3231
6.513733863830566 3241
6.847842216491699 3251
6.52318000793457 3261
6.541955471038818 3271
7.448461294174194 3281
6.725798606872559 3291
6.974786043167114 3301
6.87329888343811 3311
7.3085925579071045 3321
7.654347658157349 3331
7.424229860305786 3341
7.296928405761719 3351
7.3864357471466064 3361
7.364141225814819 3371
7.419873237609863 3381
7.539865016937256 3391
7.632123708724976 3401
7.689152240753174 3411
7.820731163024902 3421
7.917277574539185 3431
7.819150924682617 3441
7.867278575897217 3451
8.601702690124512 3461
8.362285375595093 3471
7.916729688644409 3481
8.294027328491211 3491
8.299094200134277 3501
8.772979497909546 3511
8.423258781433105 3521
8.548509120941162 3531
8.94275951385498 3541
8.871687412261963 3551
8.39307427406311 3561
8.943366527557373 3571
9.860084295272827 3581
10.138427734375 3591
10.065504312515259 3601
9.081456661224365 3611
9.030712127685547 3621
9.211181640625 3631
9.304792642593384 3641
9.130898714065552 3651
9.094958305358887 3661
9.572075366973877 3671
9.35938310623169 3681
9.701264381408691 3691
9.386316061019897 3701
9.313578128814697 3711
9.291752338409424 3721
9.441743612289429 3731
9.549717664718628 3741
10.175885915756226 3751
9.674153089523315 3761
10.036585569381714 3771
9.889415740966797 3781
9.680076360702515 3791
9.84449028968811 3801
9.969357252120972 3811
10.224160432815552 3821
10.23089075088501 3831
10.141224384307861 3841
10.182060956954956 3851
10.20599889755249 3861
10.40311861038208 3871
10.410434246063232 3881
10.418964624404907 3891
10.544292449951172 3901
10.649860143661499 3911
10.553491592407227 3921
10.637496709823608 3931
10.828153848648071 3941
11.934322595596313 3951
11.022854089736938 3961
11.247872114181519 3971
10.852463960647583 3981
11.61023736000061 3991
11.448294401168823 4001
11.815906047821045 4011
11.216150760650635 4021
10.971089363098145 4031
11.135782957077026 4041
11.943582534790039 4051
11.61714482307434 4061
11.69486117362976 4071
11.982884168624878 4081
11.530809164047241 4091
12.837273836135864 4101
12.307196140289307 4111
12.00491738319397 4121
12.170811653137207 4131
11.944107055664062 4141
12.629842758178711 4151
12.624141216278076 4161
12.787402153015137 4171
12.596527576446533 4181
12.30216097831726 4191
12.569534301757812 4201
13.11760926246643 4211
13.086208581924438 4221
14.193348407745361 4231
13.354284048080444 4241
13.352935314178467 4251
13.316141128540039 4261
13.277740001678467 4271
14.27430248260498 4281
14.162445306777954 4291
12.86087942123413 4301
13.57108473777771 4311
13.746694326400757 4321
13.405105829238892 4331
13.185372591018677 4341
13.078747987747192 4351
13.56901240348816 4361
13.277714490890503 4371
13.188401222229004 4381
13.711543560028076 4391
13.820254802703857 4401
13.71387791633606 4411
13.71413779258728 4421
14.616281270980835 4431
14.680247783660889 4441
14.363765954971313 4451
15.366325616836548 4461
15.10535740852356 4471
14.740461349487305 4481
14.437488555908203 4491
14.269896984100342 4501
15.51578974723816 4511
15.488861322402954 4521
15.720998287200928 4531
15.644163370132446 4541
15.517317056655884 4551
15.237648487091064 4561
15.571162939071655 4571
14.898810863494873 4581
15.272186279296875 4591
15.269757270812988 4601
16.0698184967041 4611
15.230815649032593 4621
15.448318481445312 4631
16.376392126083374 4641
15.523666381835938 4651
15.87583875656128 4661
16.35502791404724 4671
16.87689733505249 4681
17.33062243461609 4691
15.819536209106445 4701
17.392977237701416 4711
15.95289158821106 4721
16.41148853302002 4731
16.771417140960693 4741
16.177358150482178 4751
16.376492261886597 4761
16.49471640586853 4771
17.885687589645386 4781
16.590039014816284 4791
16.775065422058105 4801
16.704563856124878 4811
16.778169870376587 4821
16.83654022216797 4831
17.128187894821167 4841
18.329195737838745 4851
17.877662420272827 4861
18.749637365341187 4871
20.99542498588562 4881
19.79916524887085 4891
19.773486852645874 4901
19.766035795211792 4911
17.888734579086304 4921
18.185799837112427 4931
19.402860641479492 4941
19.93295431137085 4951
18.571681022644043 4961
18.5189950466156 4971
19.53752875328064 4981
18.4704909324646 4991